0.0000
0.3530
0.6755
0.9402
1.1251
1.2163
1.2087
1.1071
0.9250
0.6841
0.4114
0.1372
-0.1086
-0.2987
-0.4117
-0.4337
-0.3600
-0.1956
0.0456
0.3418
0.6657
0.9870
1.2754
1.5035
1.6497
1.7000
1.6497
1.5035
1.2754
0.9870
0.6657
0.3418
0.0456
-0.1956
-0.3600
-0.4337
-0.4117
-0.2987
-0.1086
0.1372
0.4114
0.6841
0.9250
1.1071
1.2087
1.2163
1.1251
0.9402
0.6755
0.3530
0.0000
-0.3530
-0.6755
-0.9402
-1.1251
-1.2163
-1.2087
-1.1071
-0.9250
-0.6841
-0.4114
-0.1372
0.1086
0.2987
0.4117
0.4337
0.3600
0.1956
-0.0456
-0.3418
-0.6657
-0.9870
-1.2754
-1.5035
-1.6497
-1.7000
-1.6497
-1.5035
-1.2754
-0.9870
-0.6657
-0.3418
-0.0456
0.1956
0.3600
0.4337
0.4117
0.2987
0.1086
-0.1372
-0.4114
-0.6841
-0.9250
-1.1071
-1.2087
-1.2163
-1.1251
-0.9402
-0.6755
-0.3530
-0.0000
0.3530
0.6755
0.9402
1.1251
1.2163
1.2087
1.1071
0.9250
0.6841
0.4114
0.1372
-0.1086
-0.2987
-0.4117
-0.4337
-0.3600
-0.1956
0.0456
0.3418
0.6657
0.9870
1.2754
1.5035
1.6497
1.7000
1.6497
1.5035
1.2754
0.9870
0.6657
0.3418
0.0456
-0.1956
-0.3600
-0.4337
-0.4117
-0.2987
-0.1086
0.1372
0.4114
0.6841
0.9250
1.1071
1.2087
1.2163
1.1251
0.9402
0.6755
0.3530
0.0000
-0.3530
-0.6755
-0.9402
-1.1251
-1.2163
-1.2087
-1.1071
-0.9250
-0.6841
-0.4114
-0.1372
0.1086
0.2987
0.4117
0.4337
0.3600
0.1956
-0.0456
-0.3418
-0.6657
-0.9870
-1.2754
-1.5035
-1.6497
-1.7000
-1.6497
-1.5035
-1.2754
-0.9870
-0.6657
-0.3418
-0.0456
0.1956
0.3600
0.4337
0.4117
0.2987
0.1086
-0.1372
-0.4114
-0.6841
-0.9250
-1.1071
-1.2087
-1.2163
-1.1251
-0.9402
-0.6755
-0.3530
-0.0000
0.3530
0.6755
0.9402
1.1251
1.2163
1.2087
1.1071
0.9250
0.6841
0.4114
0.1372
-0.1086
-0.2987
-0.4117
-0.4337
-0.3600
-0.1956
0.0456
0.3418
0.6657
0.9870
1.2754
1.5035
1.6497
1.7000
1.6497
1.5035
1.2754
0.9870
0.6657
0.3418
0.0456
-0.1956
-0.3600
-0.4337
-0.4117
-0.2987
-0.1086
0.1372
0.4114
0.6841
0.9250
1.1071
1.2087
1.2163
1.1251
0.9402
0.6755
0.3530
-0.0000
-0.3530
-0.6755
-0.9402
-1.1251
-1.2163
-1.2087
-1.1071
-0.9250
-0.6841
-0.4114
-0.1372
0.1086
0.2987
0.4117
0.4337
0.3600
0.1956
-0.0456
-0.3418
-0.6657
-0.9870
-1.2754
-1.5035
-1.6497
-1.7000
-1.6497
-1.5035
-1.2754
-0.9870
-0.6657
-0.3418
-0.0456
0.1956
0.3600
0.4337
0.4117
0.2987
0.1086
-0.1372
-0.4114
-0.6841
-0.9250
-1.1071
-1.2087
-1.2163
-1.1251
-0.9402
-0.6755
-0.3530
-0.0000
0.3530
0.6755
0.9402
1.1251
1.2163
1.2087
1.1071
0.9250
0.6841
0.4114
0.1372
-0.1086
-0.2987
-0.4117
-0.4337
-0.3600
-0.1956
0.0456
0.3418
0.6657
0.9870
1.2754
1.5035
1.6497
1.7000
1.6497
1.5035
1.2754
0.9870
0.6657
0.3418
0.0456
-0.1956
-0.3600
-0.4337
-0.4117
-0.2987
-0.1086
0.1372
0.4114
0.6841
0.9250
1.1071
1.2087
1.2163
1.1251
0.9402
0.6755
0.3530
0.0000
-0.3530
-0.6755
-0.9402
-1.1251
-1.2163
-1.2087
-1.1071
-0.9250
-0.6841
-0.4114
-0.1372
0.1086
0.2987
0.4117
0.4337
0.3600
0.1956
-0.0456
-0.3418
-0.6657
-0.9870
-1.2754
-1.5035
-1.6497
-1.7000
-1.6497
-1.5035
-1.2754
-0.9870
-0.6657
-0.3418
-0.0456
0.1956
0.3600
0.4337
0.4117
0.2987
0.1086
-0.1372
-0.4114
-0.6841
-0.9250
-1.1071
-1.2087
-1.2163
-1.1251
-0.9402
-0.6755
-0.3530
-0.0000
0.3530
0.6755
0.9402
1.1251
1.2163
1.2087
1.1071
0.9250
0.6841
0.4114
0.1372
-0.1086
-0.2987
-0.4117
-0.4337
-0.3600
-0.1956
0.0456
0.3418
0.6657
0.9870
1.2754
1.5035
1.6497
1.7000
1.6497
1.5035
1.2754
0.9870
0.6657
0.3418
0.0456
-0.1956
-0.3600
-0.4337
-0.4117
-0.2987
-0.1086
0.1372
0.4114
0.6841
0.9250
1.1071
1.2087
1.2163
1.1251
0.9402
0.6755
0.3530
0.0000
-0.3530
-0.6755
-0.9402
-1.1251
-1.2163
-1.2087
-1.1071
-0.9250
-0.6841
-0.4114
-0.1372
0.1086
0.2987
0.4117
0.4337
0.3600
0.1956
-0.0456
-0.3418
-0.6657
-0.9870
-1.2754
-1.5035
-1.6497
-1.7000
-1.6497
-1.5035
-1.2754
-0.9870
-0.6657
-0.3418
-0.0456
0.1956
0.3600
0.4337
0.4117
0.2987
0.1086
-0.1372
-0.4114
-0.6841
-0.9250
-1.1071
-1.2087
-1.2163
-1.1251
-0.9402
-0.6755
-0.3530
0.0000
0.3530
0.6755
0.9402
1.1251
1.2163
1.2087
1.1071
0.9250
0.6841
0.4114
0.1372
-0.1086
-0.2987
-0.4117
-0.4337
-0.3600
-0.1956
0.0456
0.3418
0.6657
0.9870
1.2754
1.5035
1.6497
1.7000
1.6497
1.5035
1.2754
0.9870
0.6657
0.3418
0.0456
-0.1956
-0.3600
-0.4337
-0.4117
-0.2987
-0.1086
0.1372
0.4114
0.6841
0.9250
1.1071
1.2087
1.2163
1.1251
0.9402
0.6755
0.3530
-0.0000
-0.3530
-0.6755
-0.9402
-1.1251
-1.2163
-1.2087
-1.1071
-0.9250
-0.6841
-0.4114
-0.1372
0.1086
0.2987
0.4117
0.4337
0.3600
0.1956
-0.0456
-0.3418
-0.6657
-0.9870
-1.2754
-1.5035
-1.6497
-1.7000
-1.6497
-1.5035
-1.2754
-0.9870
-0.6657
-0.3418
-0.0456
0.1956
0.3600
0.4337
0.4117
0.2987
0.1086
-0.1372
-0.4114
-0.6841
-0.9250
-1.1071
-1.2087
-1.2163
-1.1251
-0.9402
-0.6755
-0.3530
-0.0000
0.3530
0.6755
0.9402
1.1251
1.2163
1.2087
1.1071
0.9250
0.6841
0.4114
0.1372
-0.1086
-0.2987
-0.4117
-0.4337
-0.3600
-0.1956
0.0456
0.3418
0.6657
0.9870
1.2754
1.5035
1.6497
1.7000
1.6497
1.5035
1.2754
0.9870
0.6657
0.3418
0.0456
-0.1956
-0.3600
-0.4337
-0.4117
-0.2987
-0.1086
0.1372
0.4114
0.6841
0.9250
1.1071
1.2087
1.2163
1.1251
0.9402
0.6755
0.3530
0.0000
-0.3530
-0.6755
-0.9402
-1.1251
-1.2163
-1.2087
-1.1071
-0.9250
-0.6841
-0.4114
-0.1372
0.1086
0.2987
0.4117
0.4337
0.3600
0.1956
-0.0456
-0.3418
-0.6657
-0.9870
-1.2754
-1.5035
-1.6497
-1.7000
-1.6497
-1.5035
-1.2754
-0.9870
-0.6657
-0.3418
-0.0456
0.1956
0.3600
0.4337
0.4117
0.2987
0.1086
-0.1372
-0.4114
-0.6841
-0.9250
-1.1071
-1.2087
-1.2163
-1.1251
-0.9402
-0.6755
-0.3530
-0.0000
0.3530
0.6755
0.9402
1.1251
1.2163
1.2087
1.1071
0.9250
0.6841
0.4114
0.1372
-0.1086
-0.2987
-0.4117
-0.4337
-0.3600
-0.1956
0.0456
0.3418
0.6657
0.9870
1.2754
1.5035
1.6497
1.7000
1.6497
1.5035
1.2754
0.9870
0.6657
0.3418
0.0456
-0.1956
-0.3600
-0.4337
-0.4117
-0.2987
-0.1086
0.1372
0.4114
0.6841
0.9250
1.1071
1.2087
1.2163
1.1251
0.9402
0.6755
0.3530
0.0000
-0.3530
-0.6755
-0.9402
-1.1251
-1.2163
-1.2087
-1.1071
-0.9250
-0.6841
-0.4114
-0.1372
0.1086
0.2987
0.4117
0.4337
0.3600
0.1956
-0.0456
-0.3418
-0.6657
-0.9870
-1.2754
-1.5035
-1.6497
-1.7000
-1.6497
-1.5035
-1.2754
-0.9870
-0.6657
-0.3418
-0.0456
0.1956
0.3600
0.4337
0.4117
0.2987
0.1086
-0.1372
-0.4114
-0.6841
-0.9250
-1.1071
-1.2087
-1.2163
-1.1251
-0.9402
-0.6755
-0.3530
-0.0000
0.3530
0.6755
0.9402
1.1251
1.2163
1.2087
1.1071
0.9250
0.6841
0.4114
0.1372
-0.1086
-0.2987
-0.4117
-0.4337
-0.3600
-0.1956
0.0456
0.3418
0.6657
0.9870
1.2754
1.5035
1.6497
1.7000
1.6497
1.5035
1.2754
0.9870
0.6657
0.3418
0.0456
-0.1956
-0.3600
-0.4337
-0.4117
-0.2987
-0.1086
0.1372
0.4114
0.6841
0.9250
1.1071
1.2087
1.2163
1.1251
0.9402
0.6755
0.3530
0.0000
-0.3530
-0.6755
-0.9402
-1.1251
-1.2163
-1.2087
-1.1071
-0.9250
-0.6841
-0.4114
-0.1372
0.1086
0.2987
0.4117
0.4337
0.3600
0.1956
-0.0456
-0.3418
-0.6657
-0.9870
-1.2754
-1.5035
-1.6497
-1.7000
-1.6497
-1.5035
-1.2754
-0.9870
-0.6657
-0.3418
-0.0456
0.1956
0.3600
0.4337
0.4117
0.2987
0.1086
-0.1372
-0.4114
-0.6841
-0.9250
-1.1071
-1.2087
-1.2163
-1.1251
-0.9402
-0.6755
-0.3530
-0.0000
0.3530
0.6755
0.9402
1.1251
1.2163
1.2087
1.1071
0.9250
0.6841
0.4114
0.1372
-0.1086
-0.2987
-0.4117
-0.4337
-0.3600
-0.1956
0.0456
0.3418
0.6657
0.9870
1.2754
1.5035
1.6497
1.7000
1.6497
1.5035
1.2754
0.9870
0.6657
0.3418
0.0456
-0.1956
-0.3600
-0.4337
-0.4117
-0.2987
-0.1086
0.1372
0.4114
0.6841
0.9250
1.1071
1.2087
1.2163
1.1251
0.9402
0.6755
0.3530
0.0000
-0.3530
-0.6755
-0.9402
-1.1251
-1.2163
-1.2087
-1.1071
-0.9250
-0.6841
-0.4114
-0.1372
0.1086
0.2987
0.4117
0.4337
0.3600
0.1956
-0.0456
-0.3418
-0.6657
-0.9870
-1.2754
-1.5035
-1.6497
-1.7000
-1.6497
-1.5035
-1.2754
-0.9870
-0.6657
-0.3418
-0.0456
0.1956
0.3600
0.4337
0.4117
0.2987
0.1086
-0.1372
-0.4114
-0.6841
-0.9250
-1.1071
-1.2087
-1.2163
-1.1251
-0.9402
-0.6755
-0.3530
0.0000
0.3530
0.6755
0.9402
1.1251
1.2163
1.2087
1.1071
0.9250
0.6841
0.4114
0.1372
-0.1086
-0.2987
-0.4117
-0.4337
-0.3600
-0.1956
0.0456
0.3418
0.6657
0.9870
1.2754
1.5035
1.6497
1.7000
1.6497
1.5035
1.2754
0.9870
0.6657
0.3418
0.0456
-0.1956
-0.3600
-0.4337
-0.4117
-0.2987
-0.1086
0.1372
0.4114
0.6841
0.9250
1.1071
1.2087
1.2163
1.1251
0.9402
0.6755
0.3530
-0.0000
-0.3530
-0.6755
-0.9402
-1.1251
-1.2163
-1.2087
-1.1071
-0.9250
-0.6841
-0.4114
-0.1372
0.1086
0.2987
0.4117
0.4337
0.3600
0.1956
-0.0456
-0.3418
-0.6657
-0.9870
-1.2754
-1.5035
-1.6497
-1.7000
-1.6497
-1.5035
-1.2754
-0.9870
-0.6657
-0.3418
-0.0456
0.1956
0.3600
0.4337
0.4117
0.2987
0.1086
-0.1372
-0.4114
-0.6841
-0.9250
-1.1071
-1.2087
-1.2163
-1.1251
-0.9402
-0.6755
-0.3530
0.0000
0.3530
0.6755
0.9402
1.1251
1.2163
1.2087
1.1071
0.9250
0.6841
0.4114
0.1372
-0.1086
-0.2987
-0.4117
-0.4337
-0.3600
-0.1956
0.0456
0.3418
0.6657
0.9870
1.2754
1.5035
1.6497
1.7000
1.6497
1.5035
1.2754
0.9870
0.6657
0.3418
0.0456
-0.1956
-0.3600
-0.4337
-0.4117
-0.2987
-0.1086
0.1372
0.4114
0.6841
0.9250
1.1071
1.2087
1.2163
1.1251
0.9402
0.6755
0.3530
-0.0000
-0.3530
-0.6755
-0.9402
-1.1251
-1.2163
-1.2087
-1.1071
-0.9250
-0.6841
-0.4114
-0.1372
0.1086
0.2987
0.4117
0.4337
0.3600
0.1956
-0.0456
-0.3418
-0.6657
-0.9870
-1.2754
-1.5035
-1.6497
-1.7000
-1.6497
-1.5035
-1.2754
-0.9870
-0.6657
-0.3418
-0.0456
0.1956
0.3600
0.4337
0.4117
0.2987
0.1086
-0.1372
-0.4114
-0.6841
-0.9250
-1.1071
-1.2087
-1.2163
-1.1251
-0.9402
-0.6755
-0.3530
-0.0000
0.3530
0.6755
0.9402
1.1251
1.2163
1.2087
1.1071
0.9250
0.6841
0.4114
0.1372
-0.1086
-0.2987
-0.4117
-0.4337
-0.3600
-0.1956
0.0456
0.3418
0.6657
0.9870
1.2754
1.5035
1.6497
1.7000
1.6497
1.5035
1.2754
0.9870
0.6657
0.3418
0.0456
-0.1956
-0.3600
-0.4337
-0.4117
-0.2987
-0.1086
0.1372
0.4114
0.6841
0.9250
1.1071
1.2087
1.2163
1.1251
0.9402
0.6755
0.3530
0.0000
-0.3530
-0.6755
-0.9402
-1.1251
-1.2163
-1.2087
-1.1071
-0.9250
-0.6841
-0.4114
-0.1372
0.1086
0.2987
0.4117
0.4337
0.3600
0.1956
-0.0456
-0.3418
-0.6657
-0.9870
-1.2754
-1.5035
-1.6497
-1.7000
-1.6497
-1.5035
-1.2754
-0.9870
-0.6657
-0.3418
-0.0456
0.1956
0.3600
0.4337
0.4117
0.2987
0.1086
-0.1372
-0.4114
-0.6841
-0.9250
-1.1071
-1.2087
-1.2163
-1.1251
-0.9402
-0.6755
-0.3530
-0.0000
0.3530
0.6755
0.9402
1.1251
1.2163
1.2087
1.1071
0.9250
0.6841
0.4114
0.1372
-0.1086
-0.2987
-0.4117
-0.4337
-0.3600
-0.1956
0.0456
0.3418
0.6657
0.9870
1.2754
1.5035
1.6497
1.7000
1.6497
1.5035
1.2754
0.9870
0.6657
0.3418
0.0456
-0.1956
-0.3600
-0.4337
-0.4117
-0.2987
-0.1086
0.1372
0.4114
0.6841
0.9250
1.1071
1.2087
1.2163
1.1251
0.9402
0.6755
0.3530
0.0000
-0.3530
-0.6755
-0.9402
-1.1251
-1.2163
-1.2087
-1.1071
-0.9250
-0.6841
-0.4114
-0.1372
0.1086
0.2987
0.4117
0.4337
0.3600
0.1956
-0.0456
-0.3418
-0.6657
-0.9870
-1.2754
-1.5035
-1.6497
-1.7000
-1.6497
-1.5035
-1.2754
-0.9870
-0.6657
-0.3418
-0.0456
0.1956
0.3600
0.4337
0.4117
0.2987
0.1086
-0.1372
-0.4114
-0.6841
-0.9250
-1.1071
-1.2087
-1.2163
-1.1251
-0.9402
-0.6755
-0.3530
-0.0000
0.3530
0.6755
0.9402
1.1251
1.2163
1.2087
1.1071
0.9250
0.6841
0.4114
0.1372
-0.1086
-0.2987
-0.4117
-0.4337
-0.3600
-0.1956
0.0456
0.3418
0.6657
0.9870
1.2754
1.5035
1.6497
1.7000
1.6497
1.5035
1.2754
0.9870
0.6657
0.3418
0.0456
-0.1956
-0.3600
-0.4337
-0.4117
-0.2987
-0.1086
0.1372
0.4114
0.6841
0.9250
1.1071
1.2087
1.2163
1.1251
0.9402
0.6755
0.3530
0.0000
-0.3530
-0.6755
-0.9402
-1.1251
-1.2163
-1.2087
-1.1071
-0.9250
-0.6841
-0.4114
-0.1372
0.1086
0.2987
0.4117
0.4337
0.3600
0.1956
-0.0456
-0.3418
-0.6657
-0.9870
-1.2754
-1.5035
-1.6497
-1.7000
-1.6497
-1.5035
-1.2754
-0.9870
-0.6657
-0.3418
-0.0456
0.1956
0.3600
0.4337
0.4117
0.2987
0.1086
-0.1372
-0.4114
-0.6841
-0.9250
-1.1071
-1.2087
-1.2163
-1.1251
-0.9402
-0.6755
-0.3530
-0.0000
0.3530
0.6755
0.9402
1.1251
1.2163
1.2087
1.1071
0.9250
0.6841
0.4114
0.1372
-0.1086
-0.2987
-0.4117
-0.4337
-0.3600
-0.1956
0.0456
0.3418
0.6657
0.9870
1.2754
1.5035
1.6497
1.7000
1.6497
1.5035
1.2754
0.9870
0.6657
0.3418
0.0456
-0.1956
-0.3600
-0.4337
-0.4117
-0.2987
-0.1086
0.1372
0.4114
0.6841
0.9250
1.1071
1.2087
1.2163
1.1251
0.9402
0.6755
0.3530
0.0000
-0.3530
-0.6755
-0.9402
-1.1251
-1.2163
-1.2087
-1.1071
-0.9250
-0.6841
-0.4114
-0.1372
0.1086
0.2987
0.4117
0.4337
0.3600
0.1956
-0.0456
-0.3418
-0.6657
-0.9870
-1.2754
-1.5035
-1.6497
-1.7000
-1.6497
-1.5035
-1.2754
-0.9870
-0.6657
-0.3418
-0.0456
0.1956
0.3600
0.4337
0.4117
0.2987
0.1086
-0.1372
-0.4114
-0.6841
-0.9250
-1.1071
-1.2087
-1.2163
-1.1251
-0.9402
-0.6755
-0.3530
-0.0000
0.3530
0.6755
0.9402
1.1251
1.2163
1.2087
1.1071
0.9250
0.6841
0.4114
0.1372
-0.1086
-0.2987
-0.4117
-0.4337
-0.3600
-0.1956
0.0456
0.3418
0.6657
0.9870
1.2754
1.5035
1.6497
1.7000
1.6497
1.5035
1.2754
0.9870
0.6657
0.3418
0.0456
-0.1956
-0.3600
-0.4337
-0.4117
-0.2987
-0.1086
0.1372
0.4114
0.6841
0.9250
1.1071
1.2087
1.2163
1.1251
0.9402
0.6755
0.3530
0.0000
-0.3530
-0.6755
-0.9402
-1.1251
-1.2163
-1.2087
-1.1071
-0.9250
-0.6841
-0.4114
-0.1372
0.1086
0.2987
0.4117
0.4337
0.3600
0.1956
-0.0456
-0.3418
-0.6657
-0.9870
-1.2754
-1.5035
-1.6497
-1.7000
-1.6497
-1.5035
-1.2754
-0.9870
-0.6657
-0.3418
-0.0456
0.1956
0.3600
0.4337
0.4117
0.2987
0.1086
-0.1372
-0.4114
-0.6841
-0.9250
-1.1071
-1.2087
-1.2163
-1.1251
-0.9402
-0.6755
-0.3530
-0.0000
0.3530
0.6755
0.9402
1.1251
1.2163
1.2087
1.1071
0.9250
0.6841
0.4114
0.1372
-0.1086
-0.2987
-0.4117
-0.4337
-0.3600
-0.1956
0.0456
0.3418
0.6657
0.9870
1.2754
1.5035
1.6497
1.7000
1.6497
1.5035
1.2754
0.9870
0.6657
0.3418
0.0456
-0.1956
-0.3600
-0.4337
-0.4117
-0.2987
-0.1086
0.1372
0.4114
0.6841
0.9250
1.1071
1.2087
1.2163
1.1251
0.9402
0.6755
0.3530
0.0000
-0.3530
-0.6755
-0.9402
-1.1251
-1.2163
-1.2087
-1.1071
-0.9250
-0.6841
-0.4114
-0.1372
0.1086
0.2987
0.4117
0.4337
0.3600
0.1956
-0.0456
-0.3418
-0.6657
-0.9870
-1.2754
-1.5035
-1.6497
-1.7000
-1.6497
-1.5035
-1.2754
-0.9870
-0.6657
-0.3418
-0.0456
0.1956
0.3600
0.4337
0.4117
0.2987
0.1086
-0.1372
-0.4114
-0.6841
-0.9250
-1.1071
-1.2087
-1.2163
-1.1251
-0.9402
-0.6755
-0.3530
-0.0000
0.3530
0.6755
0.9402
1.1251
1.2163
1.2087
1.1071
0.9250
0.6841
0.4114
0.1372
-0.1086
-0.2987
-0.4117
-0.4337
-0.3600
-0.1956
0.0456
0.3418
0.6657
0.9870
1.2754
1.5035
1.6497
1.7000
1.6497
1.5035
1.2754
0.9870
0.6657
0.3418
0.0456
-0.1956
-0.3600
-0.4337
-0.4117
-0.2987
-0.1086
0.1372
0.4114
0.6841
0.9250
1.1071
1.2087
1.2163
1.1251
0.9402
0.6755
0.3530
0.0000
-0.3530
-0.6755
-0.9402
-1.1251
-1.2163
-1.2087
-1.1071
-0.9250
-0.6841
-0.4114
-0.1372
0.1086
0.2987
0.4117
0.4337
0.3600
0.1956
-0.0456
-0.3418
-0.6657
-0.9870
-1.2754
-1.5035
-1.6497
-1.7000
-1.6497
-1.5035
-1.2754
-0.9870
-0.6657
-0.3418
-0.0456
0.1956
0.3600
0.4337
0.4117
0.2987
0.1086
-0.1372
-0.4114
-0.6841
-0.9250
-1.1071
-1.2087
-1.2163
-1.1251
-0.9402
-0.6755
-0.3530
-0.0000
0.3530
0.6755
0.9402
1.1251
1.2163
1.2087
1.1071
0.9250
0.6841
0.4114
0.1372
-0.1086
-0.2987
-0.4117
-0.4337
-0.3600
-0.1956
0.0456
0.3418
0.6657
0.9870
1.2754
1.5035
1.6497
1.7000
1.6497
1.5035
1.2754
0.9870
0.6657
0.3418
0.0456
-0.1956
-0.3600
-0.4337
-0.4117
-0.2987
-0.1086
0.1372
0.4114
0.6841
0.9250
1.1071
1.2087
1.2163
1.1251
0.9402
0.6755
0.3530
0.0000
-0.3530
-0.6755
-0.9402
-1.1251
-1.2163
-1.2087
-1.1071
-0.9250
-0.6841
-0.4114
-0.1372
0.1086
0.2987
0.4117
0.4337
0.3600
0.1956
-0.0456
-0.3418
-0.6657
-0.9870
-1.2754
-1.5035
-1.6497
-1.7000
-1.6497
-1.5035
-1.2754
-0.9870
-0.6657
-0.3418
-0.0456
0.1956
0.3600
0.4337
0.4117
0.2987
0.1086
-0.1372
-0.4114
-0.6841
-0.9250
-1.1071
-1.2087
-1.2163
-1.1251
-0.9402
-0.6755
-0.3530
0.0000
0.3530
0.6755
0.9402
1.1251
1.2163
1.2087
1.1071
0.9250
0.6841
0.4114
0.1372
-0.1086
-0.2987
-0.4117
-0.4337
-0.3600
-0.1956
0.0456
0.3418
0.6657
0.9870
1.2754
1.5035
1.6497
1.7000
1.6497
1.5035
1.2754
0.9870
0.6657
0.3418
0.0456
-0.1956
-0.3600
-0.4337
-0.4117
-0.2987
-0.1086
0.1372
0.4114
0.6841
0.9250
1.1071
1.2087
1.2163
1.1251
0.9402
0.6755
0.3530
0.0000
-0.3530
-0.6755
-0.9402
-1.1251
-1.2163
-1.2087
-1.1071
-0.9250
-0.6841
-0.4114
-0.1372
0.1086
0.2987
0.4117
0.4337
0.3600
0.1956
-0.0456
-0.3418
-0.6657
-0.9870
-1.2754
-1.5035
-1.6497
-1.7000
-1.6497
-1.5035
-1.2754
-0.9870
-0.6657
-0.3418
-0.0456
0.1956
0.3600
0.4337
0.4117
0.2987
0.1086
-0.1372
-0.4114
-0.6841
-0.9250
-1.1071
-1.2087
-1.2163
-1.1251
-0.9402
-0.6755
-0.3530
0.0000
0.3530
0.6755
0.9402
1.1251
1.2163
1.2087
1.1071
0.9250
0.6841
0.4114
0.1372
-0.1086
-0.2987
-0.4117
-0.4337
-0.3600
-0.1956
0.0456
0.3418
0.6657
0.9870
1.2754
1.5035
1.6497
1.7000
1.6497
1.5035
1.2754
0.9870
0.6657
0.3418
0.0456
-0.1956
-0.3600
-0.4337
-0.4117
-0.2987
-0.1086
0.1372
0.4114
0.6841
0.9250
1.1071
1.2087
1.2163
1.1251
0.9402
0.6755
0.3530
0.0000
-0.3530
-0.6755
-0.9402
-1.1251
-1.2163
-1.2087
-1.1071
-0.9250
-0.6841
-0.4114
-0.1372
0.1086
0.2987
0.4117
0.4337
0.3600
0.1956
-0.0456
-0.3418
-0.6657
-0.9870
-1.2754
-1.5035
-1.6497
-1.7000
-1.6497
-1.5035
-1.2754
-0.9870
-0.6657
-0.3418
-0.0456
0.1956
0.3600
0.4337
0.4117
0.2987
0.1086
-0.1372
-0.4114
-0.6841
-0.9250
-1.1071
-1.2087
-1.2163
-1.1251
-0.9402
-0.6755
-0.3530
0.0000
0.3530
0.6755
0.9402
1.1251
1.2163
1.2087
1.1071
0.9250
0.6841
0.4114
0.1372
-0.1086
-0.2987
-0.4117
-0.4337
-0.3600
-0.1956
0.0456
0.3418
0.6657
0.9870
1.2754
1.5035
1.6497
1.7000
1.6497
1.5035
1.2754
0.9870
0.6657
0.3418
0.0456
-0.1956
-0.3600
-0.4337
-0.4117
-0.2987
-0.1086
0.1372
0.4114
0.6841
0.9250
1.1071
1.2087
1.2163
1.1251
0.9402
0.6755
0.3530
0.0000
-0.3530
-0.6755
-0.9402
-1.1251
-1.2163
-1.2087
-1.1071
-0.9250
-0.6841
-0.4114
-0.1372
0.1086
0.2987
0.4117
0.4337
0.3600
0.1956
-0.0456
-0.3418
-0.6657
-0.9870
-1.2754
-1.5035
-1.6497
-1.7000
-1.6497
-1.5035
-1.2754
-0.9870
-0.6657
-0.3418
-0.0456
0.1956
0.3600
0.4337
0.4117
0.2987
0.1086
-0.1372
-0.4114
-0.6841
-0.9250
-1.1071
-1.2087
-1.2163
-1.1251
-0.9402
-0.6755
-0.3530
0.0000
0.3530
0.6755
0.9402
1.1251
1.2163
1.2087
1.1071
0.9250
0.6841
0.4114
0.1372
-0.1086
-0.2987
-0.4117
-0.4337
-0.3600
-0.1956
0.0456
0.3418
0.6657
0.9870
1.2754
1.5035
1.6497
1.7000
1.6497
1.5035
1.2754
0.9870
0.6657
0.3418
0.0456
-0.1956
-0.3600
-0.4337
-0.4117
-0.2987
-0.1086
0.1372
0.4114
0.6841
0.9250
1.1071
1.2087
1.2163
1.1251
0.9402
0.6755
0.3530
0.0000
-0.3530
-0.6755
-0.9402
-1.1251
-1.2163
-1.2087
-1.1071
-0.9250
-0.6841
-0.4114
-0.1372
0.1086
0.2987
0.4117
0.4337
0.3600
0.1956
-0.0456
-0.3418
-0.6657
-0.9870
-1.2754
-1.5035
-1.6497
-1.7000
-1.6497
-1.5035
-1.2754
-0.9870
-0.6657
-0.3418
-0.0456
0.1956
0.3600
0.4337
0.4117
0.2987
0.1086
-0.1372
-0.4114
-0.6841
-0.9250
-1.1071
-1.2087
-1.2163
-1.1251
-0.9402
-0.6755
-0.3530
